601
608
610
615
619
629
631
657
662
666
674
675
681
686
724
726
770
772
805
844
860
872
935
937
950
951
957
961
995
1008
1013
1014
1017
1027
1070
1071
1072
1093
1112
1131
1135
1143
1151
1173
1175
1210
1217
1224
1225
1236
1240
1243
1244
1253
1284
1286
1288
1303
1342
1361
1365
1369
1384
1389
1404
1419
1423
1431
1446
1452
1456
1478
1482
1496
1498
1504
1520
1531
1543
1553
1554
1560
1572
1580
1582
1596
1600
1611
1628
1639
1641
1642
1649
1651
1657
1658
1681
1682
1685
1690
1711
1712
1737
1784
1832
1875
1876
1878
1887
1902
1905
1934
1956
1963
1968
1986
1990
2000
2004
2032
2058
2070
2071
2076
2089
2094
2101
2103
2105
2121
2122
2128
2133
2159
2170
2181
2189
2204
2257
2259
2260
2267
2274
2286
2288
2290
2292
2294
2297
2301
2303
2306
2310
2315
2316
2321
2322
2323
2327
2332
2336
2348
2391
2397
2401
2412
2416
2433
2434
2436
2439
2448
2449
2452
2458
2471
2481
2487
2497
2532
2588
2596
2608
2613
2615
2620
2654
2669
2675
2685
2695
2697
2733
2734
2763
2818
2838
2840
2847
2853
2874
3053
3445
3465
4780
4834
4969
5013
5305
5348
5481
5726
